171
158
206
207
23
62
83
214
206
82
116
77
18
17
66
10
244
253
13
78
111
102
52
130
87
51
140
105
164
225
113
90
18
254
37
207
220
0
69
212
254
177
48
36
44
248
65
177
153
184
152
247
150
65
31
225
46
65
183
145
65
10
64
223
81
193
144
152
22
100
113
167
189
242
184
172
139
19
76
24
244
92
135
182
173
224
45
12
168
120
131
16
184
144
127
68
224
46
70
43
73
19
227
100
205
203
169
116
19
243
115
229
254
128
56
148
85
203
62
248
24
43
164
51
170
108
2
158
102
124
56
81
189
82
226
49
215
114
239
90
78
55
241
192
140
226
91
201
128
233
61
87
3
228
33
244
212
4
11
73
254
20
83
67
82
201
247
17
195
0
218
145
89
48
173
62
251
148
105
239
65
29
20
21
123
251
155
83
132
232
201
91
114
60
58
12
97
143
250
175
40
220
194
233
251
92
211
114
36
207
177
46
227
88
230
21
211
120
101
68
125
174
46
248
3
181
218
31
47
238
143
172
102
180
172
253
114
61
4
162
12
244
156
221
213
180
246
180
51
203
226
172
199
107
158
7
